0|1 0|1 0|1 0|1 0|1 0|1  0|1  0|1 0|1 0|1 0|1 0|1 0|1
0|1 2|4 0|1 0|1 0|1 0|0  0|0  0|0 0|1 0|1 0|1 3|4 0|1
0|1 0|1 2|3 0|1 0|1 0|0  0|0  0|0 0|1 0|1 3|3 0|1 0|1
0|1 0|1 0|1 0|1 2|5 0|1  0|1  0|1 3|5 0|1 0|1 0|1 0|1
2|3 0|1 2|2 2|4 0|1 0|0  0|6  0|0 0|1 3|4 3|2 0|1 3|3
0|1 0|1 0|1 0|1 2|5 0|6  0|6  0|6 3|5 0|1 0|1 0|1 0|1
0|1 2|4 2|3 0|1 0|1 0|0  0|6  0|0 0|1 0|1 3|3 3|4 0|1
0|1 0|1 0|1 0|1 0|0  0|1 1|5 0|1  0|0 0|1 0|1 0|1 0|1
0|1 0|1 0|1 0|0  0|0 0|1 0|1 0|1 0|0  0|0 0|1 0|1 0|1
0|1 0|1 0|1  0|0 0|1 0|1 1|4 0|1 0|1 0|0  0|1 0|1 0|1
0|1 0|0  0|1 0|1 0|1 1|3 1|2 1|3 0|1 0|1 0|1  0|0 0|1
0|1  0|0 0|1 0|1 1|4 0|1 1|5 0|1 1|4 0|1 0|1 0|0  0|1
 0|1 0|1 0|1 0|1 0|1 0|1 1|3 0|1 0|1 0|1 0|1 0|1 0|1


3 Objectives
2 Guards
3 Spawns

36 + 15 = 51
13 + 11 +  9 + 7 + 5 + 3 = 48
