1|2 0|1 0|1 0|1 0|1 0|1 0|1 0|1  0|0  0|1 0|1 0|1 0|1 0|1 0|1 0|1 3|2
0|1 1|4 0|1 0|1 0|1 0|1 0|1 1|5  0|1  3|5 0|1 0|1 0|1 0|1 0|1 3|4 0|1
0|1 0|1 1|3 0|1 0|1 0|1 0|1 0|1  0|0  0|1 0|1 0|1 0|1 0|1 3|3 0|1 0|1
0|1 0|1 0|1 1|4 0|1 0|1 0|1 0|1  0|0  0|1 0|1 0|1 0|1 3|4 0|1 0|1 0|1
0|1 0|1 0|1 0|1 0|1 0|1 0|0 0|1  0|1  0|1 0|0 0|1 0|1 0|1 0|1 0|1 0|1
0|1 0|1 0|1 0|1 0|1 1|3 0|1 0|1  0|0  0|1 0|1 3|3 0|1 0|1 0|1 0|1 0|1
0|1 0|1 0|1 0|1 0|0 0|1 1|2 0|1  0|0  0|1 3|2 0|1 0|0 0|1 0|1 0|1 0|1
0|1 1|5 0|1 0|1 0|1 0|1 0|1 1|5  0|1  3|5 0|1 0|1 0|1 0|1 0|1 3|5 0|1

0|0 0|1 0|0 0|0 0|1 0|0 0|0 0|1  0|1  0|1 0|0 0|0 0|1 0|0 0|0 0|1 0|0

0|1 4|5 0|1 0|1 0|1 0|1 0|1 4|5  0|1  2|5 0|1 0|1 0|1 0|1 0|1 2|5 0|1
0|1 0|1 0|1 0|1 0|0 0|1 4|2 0|1  0|0  0|1 2|2 0|1 0|0 0|1 0|1 0|1 0|1
0|1 0|1 0|1 0|1 0|1 4|3 0|1 0|1  0|0  0|1 0|1 2|3 0|1 0|1 0|1 0|1 0|1
0|1 0|1 0|1 0|1 0|1 0|1 0|0 0|1  0|1  0|1 0|0 0|1 0|1 0|1 0|1 0|1 0|1
0|1 0|1 0|1 4|4 0|1 0|1 0|1 0|1  0|0  0|1 0|1 0|1 0|1 2|4 0|1 0|1 0|1
0|1 0|1 4|3 0|1 0|1 0|1 0|1 0|1  0|0  0|1 0|1 0|1 0|1 0|1 2|3 0|1 0|1
0|1 4|4 0|1 0|1 0|1 0|1 0|1 4|5  0|1  2|5 0|1 0|1 0|1 0|1 0|1 2|4 0|1
4|2 0|1 0|1 0|1 0|1 0|1 0|1 0|1  0|0  0|1 0|1 0|1 0|1 0|1 0|1 0|1 2|2

1   2   3   4   5   6   7   8    9    10  11  12  13  14  15  16  17
Per Player
  3 GuardBlocks
  2 SpawnBlocks
  SpawnLimit 3
